* MD (Multifield Daily Data Format)
* 以 '*' 字元開頭的文字為格式說明
* 以 '#' 字元開頭的文字為氣象資料欄位標題列9個字元一組
********************************************************************************
* 格式說明:
* 站碼(stno) 時間(yyyymmdd) 氣象資料欄位
* 1~6        8~15           第16個字元開始每個氣象要素(欄位)9個字元
* 時間為當地時間(Local Time)
* yyyy:西元年
* mm:月
* dd:日
********************************************************************************
* 欄位標題說明:
* 極值發生時間欄位格式為 hhmmss 6位字元  其中 hh:小時(00~23時) mm:分鐘(00~59分) ss:秒(00~59秒)
*
* CD11 平均雲量(10分量)
* EP01 20cm箱外蒸發量(mm)
* EP04 20cm箱內蒸發量(mm)
* EP05 A型蒸發量(mm)
* GR01 全天空日射量(MJ/㎡)
* GR02 最大小時全天空日射量(MJ/㎡)
* GR03 最大小時全天空日射量時間
* GR05 全天空日射時數(hour)
* PP01 降水量(mm)
* PP02 降水時數(hour)
* PP03 最大十分鐘降水量(mm)
* PP04 最大十分鐘降水量起始時間
* PP05 最大六十分鐘降水量(mm)
* PP06 最大六十分鐘降水量起始時間
* PS01 平均測站氣壓(hPa)                
* PS02 平均海平面氣壓(hPa)
* PS03 最高測站氣壓(hPa)                  
* PS04 最高測站氣壓時間
* PS05 最低測站氣壓(hPa)
* PS06 最低測站氣壓時間
* PS07 最高海平面氣壓(hPa)
* PS08 最高海平面氣壓時間
* PS09 最低海平面氣壓(hPa)
* PS10 最低海平面氣壓時間
* RH01 平均相對溼度(%)
* RH02 最大相對溼度(%)
* RH03 最大相對溼度時間
* RH04 最小相對溼度(%)
* RH05 最小相對溼度時間
* SD01 雪深(cm)
* SS01 日照時數(hour)
* SS02 日照率(%)
* ST01 天空狀況
* ST02 地面狀況
* ST03 雷暴
* ST04 液態降水1
* ST05 液態降水2
* ST06 固態降水1
* ST07 固態降水2
* ST08 固態降水3
* ST09 視障1
* ST10 視障2
* ST11 光象1
* ST12 光象2
* TB01 黑球溫度(℃)
* TD01 平均露點溫度(℃)
* TD02 最高露點溫度(℃)
* TD03 最高露點溫度時間
* TD04 最低露點溫度(℃)
* TD05 最低露點溫度時間
* TG01 最低草溫(℃)
* TS01 地表溫度0cm(℃)
* TS02 地中溫度5cm(℃)
* TS03 地中溫度10cm(℃)
* TS04 地中溫度20cm(℃)
* TS05 地中溫度30cm(℃)
* TS06 地中溫度50cm(℃)
* TS07 地中溫度100cm(℃)
* TS08 地中溫度200cm(℃)
* TS09 地中溫度300cm(℃)
* TS10 地中溫度500cm(℃)
* TW01 平均溼球溫度(℃)
* TX01 平均氣溫(℃)
* TX02 絕對最高氣溫(℃)
* TX03 絕對最高氣溫時間
* TX04 絕對最低氣溫(℃)
* TX05 絕對最低氣溫時間
* TX10 氣溫日較差(℃)
* VP01 平均水氣壓(hPa)
* VP02 最大水氣壓(hPa)
* VP03 最大水氣壓時間
* VP04 最小水氣壓(hPa)
* VP05 最小水氣壓時間
* VS01 平均能見度(km)
* WD01 平均風風速(m/s)
* WD02 平均風風向(360 degree)
* WD03 平均風程(m/s)
* WD04 最大平均風風速(m/s)
* WD05 最大平均風風向(360 degree)
* WD06 最大平均風時間
* WD07 最大瞬間風風速(m/s)
* WD08 最大瞬間風風向(360 degree)
* WD09 最大瞬間風時間
* UV01 紫外線指數
********************************************************************************
* 特殊值:
* -999.1:儀器故障待修
* -9.6/-999.6:資料累計於後
* -9.5/-99.5/-999.5/-999.5/-9999.5/-9995:因故障而無資料
* -9.7/-99.7/-999.7/-999.7/-9999.7/-9997:因不明原因而無資料
* -9.8:雨跡(Trace)
* None:未觀測而無資料
********************************************************************************
# stno yyyymmdd     PS01     PS02     PS03     PS04     PS05     PS06     TX01     TX02     TX03     TX04     TX05     TD01     RH01     RH04     RH05     WD01     WD02     WD07     WD08     WD09     PP01     PP02     PP03     PP04     PP05     PP06     SS01     SS02     GR01     VS01     EP05     UV01     UV03     CD11     TS01     TS02     TS03     TS04     TS05     TS06     TS07
467410 20260101   1012.1   1015.3   1015.6   230200   1009.7   031000     18.7     24.2   140600     16.1   223600     13.6       73       52   140600      5.5      1.0     16.1      8.0   205300      0.0      0.0      0.0     None      0.0     None      7.7     71.9    15.73     None    -99.7     5.81   120000     None    -99.5    -99.5    -99.5    -99.5    -99.5    -99.5    -99.5
467410 20260102   1018.0   1021.2   1021.0   220800   1015.3   000800     15.2     18.5   135800     11.8   232400      8.8       66       52   143700      6.2      2.0     16.8      1.0   183200      0.0      0.0      0.0     None      0.0     None      6.8     63.4    15.28     None    -99.7     5.52   130000     None    -99.5    -99.5    -99.5    -99.5    -99.5    -99.5    -99.5
467410 20260103   1019.9   1023.2   1022.1   084300   1017.6   152000     15.8     20.7   134900     11.5   024400      8.4       62       47   133400      2.9     19.0      8.4      2.0   003300      0.0      0.0      0.0     None      0.0     None      9.8     91.4    16.80     None    -99.7     5.76   130000     None    -99.5    -99.5    -99.5    -99.5    -99.5    -99.5    -99.5
467410 20260104   1018.6   1021.8   1020.8   094300   1016.5   153300     17.5     22.1   132100     14.3   014200     11.6       69       48   141200      2.3    294.0      8.2    356.0   193900      0.0      0.0      0.0     None      0.0     None     10.2     95.1    16.63     None    -99.7     6.14   130000     None    -99.5    -99.5    -99.5    -99.5    -99.5    -99.5    -99.5
467410 20260105   1016.9   1020.1   1018.7   090300   1014.6   140300     17.8     23.1   140700     14.8   063600     13.3       76       48   132600      4.0      6.0     11.2      9.0   195600      0.0      0.0      0.0     None      0.0     None     10.2     95.0    17.00     None    -99.7     6.09   130000     None    -99.5    -99.5    -99.5    -99.5    -99.5    -99.5    -99.5
467410 20260106   1018.3   1021.5   1020.2   225000   1016.7   024700     15.2     18.6   123100     13.0   233200      9.8       71       56   161900      6.4      6.0     15.6    354.0   223300      0.0      0.0      0.0     None      0.0     None      6.4     59.6    14.04     None    -99.7     4.80   120000     None    -99.5    -99.5    -99.5    -99.5    -99.5    -99.5    -99.5
467410 20260107   1019.3   1022.5   1020.8   091500   1017.1   145300     14.1     17.8   142900     12.0   065600      5.8       58       44   124900      5.3      3.0     14.9      4.0   001900      0.0      0.0      0.0     None      0.0     None      1.9     17.7    10.97     None    -99.7     4.47   120000     None    -99.5    -99.5    -99.5    -99.5    -99.5    -99.5    -99.5
467410 20260108   1019.2   1022.4   1021.3   091300   1016.9   143200     14.9     20.6   133600     12.1   002100      6.7       58       44   135600      4.3      3.0     12.2      1.0   172800      0.0      0.0      0.0     None      0.0     None      4.6     42.7    13.02     None    -99.7     5.38   130000     None    -99.5    -99.5    -99.5    -99.5    -99.5    -99.5    -99.5
467410 20260109   1018.0   1021.2   1020.2   100300   1016.0   154100     15.0     18.9   161100     12.3   025300      6.0       56       42   124600      3.4      3.0      8.7    353.0   002200      0.0      0.0      0.0     None      0.0     None      0.2      1.9     7.08     None    -99.7     4.63   130000     None    -99.5    -99.5    -99.5    -99.5    -99.5    -99.5    -99.5
467410 20260110   1016.8   1020.0   1018.9   213700   1014.1   143700     17.0     21.0   145900     13.8   070200      9.7       63       46   111100      3.4      6.0      8.7      5.0   162900      0.0      0.0      0.0     None      0.0     None      3.1     28.8    12.39     None    -99.7     5.10   130000     None    -99.5    -99.5    -99.5    -99.5    -99.5    -99.5    -99.5
467410 20260111   1018.0   1021.2   1019.5   214400   1015.8   144300     17.8     23.6   140900     14.0   063100      9.3       58       41   124800      3.1      6.0      9.6     22.0   043300      0.0      0.0      0.0     None      0.0     None      7.8     72.3    16.52     None    -99.7     6.17   130000     None    -99.5    -99.5    -99.5    -99.5    -99.5    -99.5    -99.5
467410 20260112   1017.4   1020.6   1020.1   094000   1015.2   145200     18.1     22.8   145700     14.4   023300     10.1       60       48   125800      2.4    359.0      6.6    313.0   151400      0.0      0.0      0.0     None      0.0     None      3.9     36.1    12.80     None    -99.7     4.91   130000     None    -99.5    -99.5    -99.5    -99.5    -99.5    -99.5    -99.5
467410 20260113   1015.2   1018.4   1016.9   084800   1012.7   142500     19.4     24.5   130100     16.4   235900      9.8       57       29   123300      3.8      9.0     11.4     15.0   131700      0.0      0.0      0.0     None      0.0     None      8.6     79.6    16.76     None    -99.7     6.23   130000     None    -99.5    -99.5    -99.5    -99.5    -99.5    -99.5    -99.5
467410 20260114   1014.8   1018.0   1016.7   093100   1012.7   151000     18.9     24.3   124400     14.5   070600     11.7       64       42   121500      2.3     17.0      6.2    355.0   190700      0.0      0.0      0.0     None      0.0     None     10.2     94.3    17.15     None    -99.7     5.96   130000     None    -99.5    -99.5    -99.5    -99.5    -99.5    -99.5    -99.5
467410 20260115   1012.9   1016.0   1015.7   000100   1010.5   152900     20.4     26.1   125900     16.4   053700     12.1       62       32   182500      2.9     20.0      9.0    341.0   133600      0.0      0.0      0.0     None      0.0     None      6.4     59.1    15.62     None    -99.7     6.35   130000     None    -99.5    -99.5    -99.5    -99.5    -99.5    -99.5    -99.5
467410 20260116   1010.5   1013.6   1012.0   095000   1008.9   151000     21.4     24.3   134800     18.8   063300     13.6       61       50   134600      3.8      6.0     11.5      4.0   163600      0.0      0.0      0.0     None      0.0     None      1.9     17.5    10.64     None    -99.7     4.37   120000     None    -99.5    -99.5    -99.5    -99.5    -99.5    -99.5    -99.5
467410 20260117   1009.0   1012.2   1010.6   090800   1007.1   151600     21.2     24.1   140100     18.7   233500     15.7       71       53   135100      2.3     18.0      7.1     10.0   010000      0.0      0.0      0.0     None      0.0     None      0.1      0.9     7.59     None    -99.7     3.27   110000     None    -99.5    -99.5    -99.5    -99.5    -99.5    -99.5    -99.5
467410 20260118   1009.0   1012.1   1010.7   090200   1007.0   145200     20.1     25.6   125400     16.8   065000     15.2       74       53   125400      3.3      4.0      8.3    341.0   154600      0.0      0.0      0.0     None      0.0     None      9.4     86.5    16.10     None    -99.7     5.99   120000     None    -99.5    -99.5    -99.5    -99.5    -99.5    -99.5    -99.5
467410 20260119   1010.1   1013.3   1011.8   091200   1008.1   141900     19.4     24.9   142200     16.0   055000     15.1       77       56   141600      3.6    360.0     10.5    349.0   162300      0.0      0.0      0.0     None      0.0     None      9.4     86.4    16.70     None    -99.7     6.31   130000     None    -99.5    -99.5    -99.5    -99.5    -99.5    -99.5    -99.5
467410 20260120   1012.6   1015.8   1015.3   233200   1010.4   134000     18.4     24.2   135300     14.5   235500     13.0       72       51   133300      4.7      3.0     12.8    354.0   211600      0.0      0.0      0.0     None      0.0     None      9.7     89.0    17.58     None    -99.7     6.42   130000     None    -99.5    -99.5    -99.5    -99.5    -99.5    -99.5    -99.5
467410 20260121   1016.7   1020.0   1018.8   224800   1014.9   153300     15.5     20.5   140900     13.1   225800      9.7       69       53   140900      4.8      5.0     13.2      8.0   012700      0.0      0.0      0.0     None      0.0     None      5.7     52.3    14.51     None    -99.7     6.33   130000     None    -99.5    -99.5    -99.5    -99.5    -99.5    -99.5    -99.5
467410 20260122   1019.1   1022.3   1020.6   094200   1016.9   145500     15.4     20.7   144400     12.1   063700      9.3       68       50   141700      4.4      3.0     12.0      2.0   193900      0.0      0.0      0.0     None      0.0     None      7.1     65.0    15.77     None    -99.7     6.51   120000     None    -99.5    -99.5    -99.5    -99.5    -99.5    -99.5    -99.5
467410 20260123   1019.8   1023.1   1021.7   085800   1017.6   143400     16.4     21.4   121900     12.5   040800     11.5       74       52   121700      3.9      2.0     10.1    339.0   170800      0.0      0.0      0.0     None      0.0     None     10.0     91.4    17.99     None    -99.7     6.84   130000     None    -99.5    -99.5    -99.5    -99.5    -99.5    -99.5    -99.5
467410 20260124   1018.4   1021.6   1020.3   000200   1016.6   145800     18.1     23.2   122600     15.3   020900     13.9       77       53   122300      3.6      6.0     10.2      4.0   182000      0.0      0.0      0.0     None      0.0     None      8.4     76.7    16.94     None    -99.7     6.37   130000     None    -99.5    -99.5    -99.5    -99.5    -99.5    -99.5    -99.5
467410 20260125   1017.7   1020.9   1019.3   090900   1015.6   144700     19.3     23.7   130600     16.8   004100     15.3       78       61   123800      3.6     18.0      9.3    350.0   181900      0.0      0.0      0.0     None      0.0     None      4.1     37.4    13.65     None    -99.7     5.34   130000     None    -99.5    -99.5    -99.5    -99.5    -99.5    -99.5    -99.5
467410 20260126   1017.1   1020.3   1019.0   083500   1015.3   154000     19.8     22.6   142700     17.9   055600     16.3       81       67   144100      2.8    359.0      7.6    140.0   000100      0.0      0.0      0.0     None      0.0     None      0.9      8.2    11.90     None    -99.7     5.14   140000     None    -99.5    -99.5    -99.5    -99.5    -99.5    -99.5    -99.5
467410 20260127   1016.2   1019.3   1017.7   093000   1014.6   142200     20.0     25.6   122300     17.0   235600     15.7       77       54   122400      3.5      9.0     10.5    332.0   161100      0.0      0.0      0.0     None      0.0     None      7.3     66.4    17.15     None    -99.7     7.40   120000     None    -99.5    -99.5    -99.5    -99.5    -99.5    -99.5    -99.5
467410 20260128   1017.1   1020.3   1018.7   225300   1014.8   140800     17.6     23.3   134300     15.0   233900     12.9       75       55   134300      4.8      7.0     11.4     21.0   082200      0.0      0.0      0.0     None      0.0     None      8.6     78.1    18.07     None    -99.7     7.41   130000     None    -99.5    -99.5    -99.5    -99.5    -99.5    -99.5    -99.5
467410 20260129   1017.5   1020.7   1019.6   091200   1015.5   142700     18.6     24.1   130900     14.4   034300     13.1       71       51   123200      3.2      6.0      8.5    340.0   153900     -9.8      0.1     -9.8   225300     -9.8   225300      6.9     62.6    16.90     None    -99.7     7.21   130000     None    -99.5    -99.5    -99.5    -99.5    -99.5    -99.5    -99.5
467410 20260130   1017.4   1020.6   1019.5   091100   1014.9   144800     19.9     25.6   122600     17.7   040400     16.2       80       55   121900      3.4     16.0      9.2     14.0   081700     -9.8      0.6     -9.8   001000     -9.8   001000      3.5     31.7    14.30     None    -99.7     7.30   120000     None    -99.5    -99.5    -99.5    -99.5    -99.5    -99.5    -99.5
467410 20260131   1017.1   1020.3   1018.9   090700   1015.0   145700     19.2     24.2   141100     15.7   235900     15.6       80       63   132200      4.2      5.0     13.2     13.0   175000     -9.8      0.6     -9.8   042000     -9.8   042000      2.8     25.3    12.26     None    -99.7     6.36   130000     None    -99.5    -99.5    -99.5    -99.5    -99.5    -99.5    -99.5
467410 20260201   1018.1   1021.3   1019.6   095400   1016.5   035900     17.1     19.7   130200     15.2   025800     13.2       78       66   112600      4.5     11.0     12.4      3.0   030500     -9.8      0.4     -9.8   120700     -9.8   120700      0.0      0.0     7.54     None    -99.7     3.93   120000     None    -99.5    -99.5    -99.5    -99.5    -99.5    -99.5    -99.5
467410 20260202   1019.2   1022.4   1020.7   213200   1017.1   150700     17.2     21.9   131000     14.9   211200     13.5       79       65   131000      5.2      9.0     11.7     20.0   150600     -9.8      0.3     -9.8   081600     -9.8   081600      2.6     23.4    13.75     None    -99.7     6.79   120000     None    -99.5    -99.5    -99.5    -99.5    -99.5    -99.5    -99.5
467410 20260203   1019.6   1022.8   1021.9   092600   1017.5   151900     17.9     23.8   143200     13.9   063300     12.9       74       54   131900      3.4    358.0      8.7      2.0   001600      0.0      0.0      0.0     None      0.0     None      5.4     48.6    14.87     None    -99.7     6.14   120000     None    -99.5    -99.5    -99.5    -99.5    -99.5    -99.5    -99.5
467410 20260204   1016.5   1019.7   1018.8   000100   1013.7   152500     19.9     24.6   121400     16.1   044000     14.8       73       54   122000      2.4    317.0      6.8    301.0   142200      0.0      0.0      0.0     None      0.0     None      3.5     31.4    15.63     None    -99.7     6.51   130000     None    -99.5    -99.5    -99.5    -99.5    -99.5    -99.5    -99.5
467410 20260205   1013.9   1017.1   1016.0   085800   1011.3   151300     22.7     27.5   132100     18.8   055800     15.7       66       46   120900      2.0     20.0      6.8    293.0   144000      0.0      0.0      0.0     None      0.0     None      8.5     76.3    18.00     None    -99.7     7.62   130000     None    -99.5    -99.5    -99.5    -99.5    -99.5    -99.5    -99.5
467410 20260206   1012.8   1016.0   1014.9   092300   1010.3   151000     21.7     24.3   144500     19.6   220500     18.5       82       65   000100      2.5     16.0      8.4     24.0   213200      0.5      2.1      0.5   074600      0.5   074600      1.5     13.4    10.73     None    -99.7     5.90   130000     None    -99.5    -99.5    -99.5    -99.5    -99.5    -99.5    -99.5
467410 20260207   1014.8   1018.0   1018.2   224400   1012.7   142600     18.1     22.5   120900     15.0   234600     13.4       75       59   124100      5.6      4.0     14.7    354.0   164900      0.0      0.0      0.0     None      0.0     None      8.4     75.1    18.91     None    -99.7     7.71   130000     None    -99.5    -99.5    -99.5    -99.5    -99.5    -99.5    -99.5
467410 20260208   1020.0   1023.2   1021.9   205200   1017.0   032700     14.0     17.2   142900     10.7   230500      6.6       62       49   150600      5.5      8.0     14.6    350.0   121500      0.0      0.0      0.0     None      0.0     None      5.6     50.0    16.63     None    -99.7     6.79   130000     None    -99.5    -99.5    -99.5    -99.5    -99.5    -99.5    -99.5
467410 20260209   1019.2   1022.4   1021.2   080000   1016.5   145100     15.0     19.5   145200     10.7   000400      8.5       66       50   104200      2.6    346.0      7.8    349.0   161400      0.0      0.0      0.0     None      0.0     None      3.5     31.2    13.66     None    -99.7     5.40   120000     None    -99.5    -99.5    -99.5    -99.5    -99.5    -99.5    -99.5
467410 20260210   1018.3   1021.5   1020.3   085600   1015.4   151500     18.5     23.7   135500     13.8   065400     11.6       67       41   135500      3.1     16.0      9.1      8.0   052300      0.0      0.0      0.0     None      0.0     None      9.9     88.1    19.70     None    -99.7     7.31   130000     None    -99.5    -99.5    -99.5    -99.5    -99.5    -99.5    -99.5
467410 20260211   1017.5   1020.7   1019.3   094100   1015.5   145000     19.9     25.9   140100     16.3   233100     12.6       64       41   115300      3.5      3.0     11.4    353.0   161600      0.0      0.0      0.0     None      0.0     None     10.6     94.1    20.02     None    -99.7     7.27   130000     None    -99.5    -99.5    -99.5    -99.5    -99.5    -99.5    -99.5
467410 20260212   1016.3   1019.5   1018.4   084200   1014.4   151000     19.1     25.3   135000     14.7   064700     14.0       73       48   122800      3.5     14.0      8.5      2.0   061200      0.0      0.0      0.0     None      0.0     None     10.6     94.0    20.08     None    -99.7     7.36   130000     None    -99.5    -99.5    -99.5    -99.5    -99.5    -99.5    -99.5
467410 20260213   1014.4   1017.6   1016.1   084900   1012.0   155400     20.7     25.5   154000     15.7   062100     15.3       73       49   115000      2.2     18.0      6.7     14.0   054700      0.0      0.0      0.0     None      0.0     None     10.5     92.9    20.05     None    -99.7     7.79   130000     None    -99.5    -99.5    -99.5    -99.5    -99.5    -99.5    -99.5
467410 20260214   1013.4   1016.6   1015.0   085800   1011.7   145000     22.7     26.5   161300     18.6   060200     15.4       65       43   105300      1.8     20.0      5.8    245.0   112400      0.0      0.0      0.0     None      0.0     None     10.7     94.5    19.50     None    -99.7     7.44   120000     None    -99.5    -99.5    -99.5    -99.5    -99.5    -99.5    -99.5
467410 20260215   1013.0   1016.2   1015.0   085100   1011.0   151700     24.0     28.7   121300     20.8   060200     17.8       69       46   114300      2.3    305.0      9.4    287.0   143300      0.0      0.0      0.0     None      0.0     None      9.9     87.3    20.07     None    -99.7     8.40   130000     None    -99.5    -99.5    -99.5    -99.5    -99.5    -99.5    -99.5
467410 20260216   1012.7   1015.8   1014.5   084600   1010.1   152500     22.3     28.7   125700     18.6   235700     18.2       79       50   121600      3.9    360.0     11.7      9.0   183000      0.0      0.0      0.0     None      0.0     None      7.7     67.8    18.34     None    -99.7     8.39   130000     None    -99.5    -99.5    -99.5    -99.5    -99.5    -99.5    -99.5
467410 20260217   1015.1   1018.3   1017.5   235100   1013.0   153500     19.7     24.6   134100     16.4   232500     14.7       73       55   134200      4.5    358.0     11.7      1.0   004700      0.0      0.0      0.0     None      0.0     None      9.8     86.1    19.79     None    -99.7     8.14   130000     None    -99.5    -99.5    -99.5    -99.5    -99.5    -99.5    -99.5
467410 20260218   1017.7   1020.9   1019.4   213600   1015.6   144200     18.4     23.9   142100     15.0   055500     12.3       68       50   141500      4.1      1.0     10.2    334.0   111100      0.0      0.0      0.0     None      0.0     None     10.2     89.5    19.83     None    -99.7     7.73   130000     None    -99.5    -99.5    -99.5    -99.5    -99.5    -99.5    -99.5
467410 20260219   1018.4   1021.6   1020.1   073300   1016.3   135500     19.7     25.1   130700     16.0   020000     13.7       69       49   115700      3.6      2.0     11.0    336.0   171400      0.0      0.0      0.0     None      0.0     None      8.5     74.4    19.49     None    -99.7     7.33   130000     None    -99.5    -99.5    -99.5    -99.5    -99.5    -99.5    -99.5
467410 20260220   1015.3   1018.5   1018.7   000200   1012.6   152300     20.7     25.8   141400     17.4   062100     15.0       71       46   150600      3.4     20.0     10.2    350.0   130900      0.0      0.0      0.0     None      0.0     None      9.6     83.9    19.83     None    -99.7     7.35   130000     None    -99.5    -99.5    -99.5    -99.5    -99.5    -99.5    -99.5
467410 20260221   1010.6   1013.7   1013.5   000200   1007.8   160000     21.4     26.2   132000     17.5   061600     15.7       71       47   114000      1.9     18.0      6.8    341.0   143800      0.0      0.0      0.0     None      0.0     None      8.5     74.2    19.12     None    -99.7     7.63   130000     None    -99.5    -99.5    -99.5    -99.5    -99.5    -99.5    -99.5
467410 20260222   1009.2   1012.3   1011.1   084600   1006.9   150200     23.0     28.6   130100     18.9   063800     16.1       67       44   130300      3.1      4.0     10.8    343.0   151500      0.0      0.0      0.0     None      0.0     None     10.8     94.1    21.42     None    -99.7     8.00   130000     None    -99.5    -99.5    -99.5    -99.5    -99.5    -99.5    -99.5
467410 20260223   1010.4   1013.5   1011.9   212900   1009.1   040000     22.8     28.9   132900     19.5   065400     17.3       72       46   125600      2.9    318.0      9.0    319.0   144500      0.0      0.0      0.0     None      0.0     None      9.4     81.7    20.32     None    -99.7     8.13   130000     None    -99.5    -99.5    -99.5    -99.5    -99.5    -99.5    -99.5
467410 20260224   1011.0   1014.1   1012.0   075900   1009.7   150800     23.4     27.0   112900     20.2   005100     18.8       76       59   111000      2.7     16.0      7.6    354.0   012500      0.0      0.0      0.0     None      0.0     None      1.7     14.8    12.95     None    -99.7     5.73   110000     None    -99.5    -99.5    -99.5    -99.5    -99.5    -99.5    -99.5
467410 20260225   1010.9   1014.0   1012.2   224700   1008.9   135600     23.8     29.5   132500     20.8   234700     18.5       72       54   132500      3.8    324.0     11.3    326.0   145300      0.0      0.0      0.0     None      0.0     None      8.9     77.1    20.61     None    -99.7     9.27   130000     None    -99.5    -99.5    -99.5    -99.5    -99.5    -99.5    -99.5
467410 20260226   1008.9   1012.0   1011.8   000100   1005.9   154600     23.0     27.8   123700     19.5   052500     18.0       74       57   113200      2.8     18.0      8.3      5.0   202400      0.0      0.0      0.0     None      0.0     None     10.0     86.5    20.29     None    -99.7     8.85   130000     None    -99.5    -99.5    -99.5    -99.5    -99.5    -99.5    -99.5
467410 20260227   1007.0   1010.1   1008.8   074100   1004.5   144700     23.9     28.6   105600     21.0   044900     17.1       68       41   105600      4.4      1.0     13.2     25.0   093700     -9.8      0.3     -9.8   130600     -9.8   130600      2.2     19.0    11.87     None    -99.7     6.33   120000     None    -99.5    -99.5    -99.5    -99.5    -99.5    -99.5    -99.5
467410 20260228   1009.2   1012.3   1011.6   100500   1007.4   022500     21.0     23.1   123200     19.3   083000     18.9       88       78   001000      3.0     10.0      8.1      8.0   002200      2.5      8.9      0.5   081800      1.0   081800      0.1      0.9     6.13     None    -99.7     4.85   120000     None    -99.5    -99.5    -99.5    -99.5    -99.5    -99.5    -99.5
467410 20260301   1007.8   1010.9   1009.8   000200   1005.3   154200     24.2     28.2   153200     20.1   000100     19.9       78       60   110200      3.4     16.0     13.5    197.0   162200      0.5      0.3      0.5   044900      0.5   044900      8.0     68.8    20.96     None    -99.7     9.41   130000     None    -99.5    -99.5    -99.5    -99.5    -99.5    -99.5    -99.5
467410 20260302   1008.0   1011.0   1009.7   232800   1006.4   160100     25.7     30.3   140800     22.9   045000     21.8       80       52   134700      2.8    345.0      8.5    314.0   143800     17.5      0.8     10.5   043900     17.5   042300      9.9     84.9    21.31     None    -99.7     8.93   120000     None    -99.5    -99.5    -99.5    -99.5    -99.5    -99.5    -99.5
467410 20260303   1010.5   1013.7   1013.3   224900   1008.0   035100     20.6     23.6   002700     17.9   105300     18.2       86       77   164400      3.3    359.0      9.5    343.0   082700     11.5      3.1      4.0   084900      7.0   075900      0.5      4.3     7.34     None    -99.7     4.58   140000     None    -99.5    -99.5    -99.5    -99.5    -99.5    -99.5    -99.5
467410 20260304   1012.4   1015.6   1014.3   092300   1010.3   162600     19.2     22.2   150500     16.6   073900     15.6       80       71   145800      3.2      3.0      7.9     18.0   102500     -9.8      1.2     -9.8   054400     -9.8   054400      0.0      0.0     7.86     None    -99.7     4.35   120000     None    -99.5    -99.5    -99.5    -99.5    -99.5    -99.5    -99.5
467410 20260305   1011.7   1014.9   1013.0   230500   1010.1   145600     19.9     23.2   151900     18.3   025800     17.6       87       74   151200      3.3      4.0      9.4    204.0   195000      0.5      2.6      0.5   014700      0.5   014700      0.0      0.0     7.62     None    -99.7     3.84   130000     None    -99.5    -99.5    -99.5    -99.5    -99.5    -99.5    -99.5
467410 20260306   1012.4   1015.6   1014.7   233700   1010.1   140800     20.7     25.9   130700     17.0   235800     16.5       78       59   125400      4.9      1.0     11.6    330.0   114500      0.0      0.0      0.0     None      0.0     None      8.5     72.4    21.32     None    -99.7     8.81   120000     None    -99.5    -99.5    -99.5    -99.5    -99.5    -99.5    -99.5
467410 20260307   1015.1   1018.3   1017.2   232900   1013.2   160600     19.2     25.4   135800     15.4   050900     12.9       68       51   121200      4.5    360.0     10.5    347.0   164600      0.0      0.0      0.0     None      0.0     None     10.6     90.1    22.50     None    -99.7     9.01   130000     None    -99.5    -99.5    -99.5    -99.5    -99.5    -99.5    -99.5
467410 20260308   1016.5   1019.7   1018.2   075700   1014.0   145200     19.7     25.9   135800     15.6   050700     14.0       70       53   130600      4.2    343.0     10.2    309.0   150700      0.0      0.0      0.0     None      0.0     None     10.5     89.1    22.67     None    -99.7     9.10   130000     None    -99.5    -99.5    -99.5    -99.5    -99.5    -99.5    -99.5
467410 20260309   1017.6   1020.8   1019.0   211700   1016.1   134900     19.2     25.3   121800     16.2   232400     13.9       72       53   121700      4.4      4.0     12.3      9.0   171900      0.0      0.0      0.0     None      0.0     None      6.4     54.2    17.76     None    -99.7     8.04   130000     None    -99.5    -99.5    -99.5    -99.5    -99.5    -99.5    -99.5
467410 20260310   1017.6   1020.8   1019.2   095700   1016.1   144900     16.0     17.1   103400     14.9   045200     11.0       72       65   110600      3.9      1.0      9.2    343.0   015600      0.0      0.0      0.0     None      0.0     None      0.0      0.0     5.54     None    -99.7     2.46   110000     None    -99.5    -99.5    -99.5    -99.5    -99.5    -99.5    -99.5
467410 20260311   1014.8   1018.0   1017.5   000100   1012.2   152000     18.7     24.9   130500     13.7   061400     12.0       66       48   121100      3.8      7.0      9.1      7.0   051100      0.0      0.0      0.0     None      0.0     None     10.4     87.7    23.43     None    -99.7     9.67   130000     None    -99.5    -99.5    -99.5    -99.5    -99.5    -99.5    -99.5
467410 20260312   1014.9   1018.1   1017.2   225800   1012.9   144900     19.2     25.8   131500     15.1   063300      9.1       54       26   234900      5.3      4.0     15.6      5.0   180400      0.0      0.0      0.0     None      0.0     None     11.0     92.6    24.49     None    -99.7     9.27   130000     None    -99.5    -99.5    -99.5    -99.5    -99.5    -99.5    -99.5
467410 20260313   1018.1   1021.3   1020.0   212700   1016.3   031400     18.2     22.9   140600     13.8   064700      5.9       46       25   001900      3.9     12.0     10.4     18.0   020700      0.0      0.0      0.0     None      0.0     None     11.0     92.4    24.67     None    -99.7     8.95   130000     None    -99.5    -99.5    -99.5    -99.5    -99.5    -99.5    -99.5
467410 20260314   1019.8   1023.0   1021.7   084900   1018.2   162000     19.0     23.3   123500     15.5   052300     11.6       63       45   132600      2.9    305.0     10.6    317.0   133000      0.0      0.0      0.0     None      0.0     None     10.4     87.2    23.72     None    -99.7     8.71   130000     None    -99.5    -99.5    -99.5    -99.5    -99.5    -99.5    -99.5
467410 20260315   1018.4   1021.5   1020.9   083700   1016.0   163000     20.1     24.6   123300     16.3   061900     14.0       69       50   121900      3.1    325.0      9.5    313.0   142800      0.0      0.0      0.0     None      0.0     None      9.4     78.7    22.53     None    -99.7     7.78   130000     None    -99.5    -99.5    -99.5    -99.5    -99.5    -99.5    -99.5
467410 20260316   1015.8   1018.9   1018.2   001200   1013.3   150700     21.8     25.6   134300     18.5   063800     14.2       63       45   102200      2.6    331.0      9.8    295.0   140800      0.0      0.0      0.0     None      0.0     None     10.6     88.6    24.10     None    -99.7     9.28   130000     None    -99.5    -99.5    -99.5    -99.5    -99.5    -99.5    -99.5
467410 20260317   1014.4   1017.5   1016.3   091800   1011.8   151400     22.2     27.9   130200     17.6   054800     15.2       67       38   123500      2.5    321.0      9.0    304.0   142800      0.0      0.0      0.0     None      0.0     None     10.9     90.9    24.15     None    -99.7     9.17   130000     None    -99.5    -99.5    -99.5    -99.5    -99.5    -99.5    -99.5
467410 20260318   1013.0   1016.2   1015.3   090900   1010.7   155100     23.9     28.2   122300     19.9   061300     15.8       62       39   101300      2.0    223.0      7.5    237.0   134300      0.0      0.0      0.0     None      0.0     None     11.0     91.6    24.62     None    -99.7     9.88   130000     None    -99.5    -99.5    -99.5    -99.5    -99.5    -99.5    -99.5
467410 20260319   1011.9   1015.1   1013.6   084800   1009.9   152600     23.6     28.0   113700     20.2   234300     18.0       71       54   102700      3.3      4.0     11.2    298.0   140500      0.0      0.0      0.0     None      0.0     None      9.8     81.4    21.81     None    -99.7     8.81   130000     None    -99.5    -99.5    -99.5    -99.5    -99.5    -99.5    -99.5
467410 20260320   1013.0   1016.2   1015.0   231700   1011.4   154900     22.1     27.5   132100     18.6   055500     17.2       75       55   132100      3.9      4.0     10.5     22.0   193200      0.0      0.0      0.0     None      0.0     None     10.5     87.1    23.19     None    -99.7     9.55   130000     None    -99.5    -99.5    -99.5    -99.5    -99.5    -99.5    -99.5
467410 20260321   1013.6   1016.7   1015.2   090300   1011.9   154400     22.4     27.7   114100     19.1   054800     17.9       76       55   120000      4.5    360.0     10.4      1.0   130000      0.0      0.0      0.0     None      0.0     None     10.3     85.3    16.27     None    -99.7     8.83   130000     None    -99.5    -99.5    -99.5    -99.5    -99.5    -99.5    -99.5
467410 20260322   1012.8   1016.0   1014.4   085700   1011.2   155300     23.0     28.5   120900     19.0   061300     18.0       74       53   120900      3.3      6.0      9.0     20.0   022700      0.0      0.0      0.0     None      0.0     None     10.7     88.4    23.45     None    -99.7     9.54   130000     None    -99.5    -99.5    -99.5    -99.5    -99.5    -99.5    -99.5
467410 20260323   1011.6   1014.7   1013.2   000100   1009.9   143700     24.3     28.9   120700     21.0   054100     19.3       74       54   132900      2.2    303.0      7.6    309.0   143400      0.0      0.0      0.0     None      0.0     None      9.8     80.8    22.88     None    -99.7     9.51   130000     None    -99.5    -99.5    -99.5    -99.5    -99.5    -99.5    -99.5
467410 20260324   1010.0   1013.1   1011.7   090200   1008.2   151600     24.5     28.3   120800     21.6   035800     20.0       76       58   115300      2.4     18.0      7.6    248.0   134500      0.0      0.0      0.0     None      0.0     None      8.1     66.7    21.37     None    -99.7     9.76   130000     None    -99.5    -99.5    -99.5    -99.5    -99.5    -99.5    -99.5
467410 20260325   1009.5   1012.6   1010.9   091100   1008.0   150300     25.4     29.2   130800     22.7   061300     19.9       72       59   103900      3.1    319.0     10.5    305.0   141500      0.0      0.0      0.0     None      0.0     None     10.0     82.1    23.01     None    -99.7     9.66   130000     None    -99.5    -99.5    -99.5    -99.5    -99.5    -99.5    -99.5
467410 20260326   1009.8   1012.9   1011.1   085600   1008.0   144000     24.7     28.2   125600     22.2   055800     19.3       72       62   120600      2.2     15.0      8.4    341.0   170600      0.0      0.0      0.0     None      0.0     None      8.2     67.2    21.96     None    -99.7     9.49   130000     None    -99.5    -99.5    -99.5    -99.5    -99.5    -99.5    -99.5
467410 20260327   1008.9   1012.0   1010.5   080900   1006.4   160200     24.8     29.1   130000     21.9   055200     19.3       72       55   141000      3.6      2.0     10.8    329.0   131100      0.0      0.0      0.0     None      0.0     None      9.6     78.6    20.87     None    -99.7     7.44   130000     None    -99.5    -99.5    -99.5    -99.5    -99.5    -99.5    -99.5
467410 20260328   1009.4   1012.5   1011.6   091900   1007.2   153800     24.3     29.2   130300     21.4   055900     19.2       74       55   114800      3.4      5.0      8.8    304.0   134000      0.0      0.0      0.0     None      0.0     None      8.9     72.7    21.19     None    -99.7     8.28   130000     None    -99.5    -99.5    -99.5    -99.5    -99.5    -99.5    -99.5
467410 20260329   1008.7   1011.8   1010.9   231100   1005.8   161300     25.3     30.0   140900     22.2   031600     20.1       74       53   134400      3.2    322.0      9.4    312.0   144300      0.0      0.0      0.0     None      0.0     None      8.5     69.3    22.19     None    -99.7     9.56   130000     None    -99.5    -99.5    -99.5    -99.5    -99.5    -99.5    -99.5
467410 20260330   1008.9   1012.0   1010.8   000200   1007.3   053900     25.7     29.1   135100     22.3   053500     20.8       75       58   135300      2.4    217.0      9.6    202.0   131800      0.0      0.0      0.0     None      0.0     None     10.1     82.2    22.05     None    -99.7     8.64   130000     None    -99.5    -99.5    -99.5    -99.5    -99.5    -99.5    -99.5
467410 20260331   1008.7   1011.8   1010.5   225200   1006.4   160000     25.9     28.7   103000     23.5   054500     21.4       77       60   130100      2.4    218.0      9.9    219.0   143900      0.0      0.0      0.0     None      0.0     None     10.0     81.2    23.99     None    -99.7     9.52   120000     None    -99.5    -99.5    -99.5    -99.5    -99.5    -99.5    -99.5
467410 20260401   1009.9   1013.0   1011.9   230800   1008.1   034200     24.5     28.2   114500     22.2   234200     20.9       81       67   100100      2.3     14.0      8.2      1.0   125500     -9.8      0.6     -9.8   123100     -9.8   123100      1.0      8.1     9.50     None    -99.7     4.68   120000     None    -99.5    -99.5    -99.5    -99.5    -99.5    -99.5    -99.5
467410 20260402   1011.2   1014.3   1013.1   091500   1009.1   153800     24.6     28.5   110800     21.2   043400     19.2       73       58   140200      2.0     19.0      8.0    240.0   111600      0.0      0.0      0.0     None      0.0     None      5.3     42.9    18.77     None    -99.7     8.62   130000     None    -99.5    -99.5    -99.5    -99.5    -99.5    -99.5    -99.5
467410 20260403   1007.3   1010.4   1011.1   000200   1003.7   151700     26.5     30.7   114700     22.3   024700     20.5       71       48   124200      4.3    189.0     16.1    186.0   133500      0.0      0.0      0.0     None      0.0     None      8.4     67.9    20.78     None    -99.7     7.72   130000     None    -99.5    -99.5    -99.5    -99.5    -99.5    -99.5    -99.5
467410 20260404   1006.2   1009.3   1008.1   194100   1004.8   045600     23.6     26.6   075200     20.3   193100     20.9       85       73   035900      3.6    117.0     12.2    204.0   112200     39.0     10.5      4.0   192200     12.0   184700      0.0      0.0     1.80     None    -99.7     0.39   110000     None    -99.5    -99.5    -99.5    -99.5    -99.5    -99.5    -99.5
467410 20260405   1007.3   1010.4   1008.7   100600   1005.8   142800     25.5     29.8   130800     21.5   000500     21.2       77       56   124200      3.5    184.0      9.5    190.0   155300     -9.8      0.2     -9.8   005000     -9.8   005000      6.0     48.3    19.18     None    -99.7     9.62   130000     None    -99.5    -99.5    -99.5    -99.5    -99.5    -99.5    -99.5
467410 20260406   1007.6   1010.7   1009.1   101000   1006.2   144300     26.4     29.0   123500     23.4   062300     22.5       79       59   115600      3.9    192.0     11.2    208.0   115600      9.0      2.2      2.5   060800      6.0   051700      3.4     27.3    15.27     None    -99.7     5.36   140000     None    -99.5    -99.5    -99.5    -99.5    -99.5    -99.5    -99.5
467410 20260407   1008.5   1011.6   1010.2   214700   1006.8   040700     25.9     29.4   102100     23.2   183500     22.3       81       60   102100      2.2    123.0      7.4      5.0   181100     10.0      1.5      4.0   181200      5.0   160200      2.7     21.7    11.63     None    -99.7     8.33   120000     None    -99.5    -99.5    -99.5    -99.5    -99.5    -99.5    -99.5
467410 20260408   1010.5   1013.6   1012.3   093900   1008.8   152700     24.7     29.0   143400     21.9   042400     22.0       85       66   150200      2.0      6.0      4.9    293.0   165200      2.0      1.4      1.0   042100      1.5   040700      2.7     21.6    14.02     None    -99.7     7.40   130000     None    -99.5    -99.5    -99.5    -99.5    -99.5    -99.5    -99.5
467410 20260409   1009.4   1012.5   1011.5   092600   1007.3   173200     26.1     29.3   143200     23.5   033700     23.2       84       71   115100      3.1    196.0      9.4    219.0   150800      0.0      0.0      0.0     None      0.0     None      8.9     71.1    21.49     None    -99.7     8.72   130000     None    -99.5    -99.5    -99.5    -99.5    -99.5    -99.5    -99.5
467410 20260410   1008.8   1011.9   1010.3   081300   1007.3   164900     26.9     30.3   130500     24.2   060600     21.6       74       54   124400      1.9    190.0      6.8    311.0   135800      0.0      0.0      0.0     None      0.0     None     11.3     90.2    25.03     None    -99.7     9.99   130000     None    -99.5    -99.5    -99.5    -99.5    -99.5    -99.5    -99.5
467410 20260411   1008.4   1011.5   1009.9   093100   1006.9   161300     26.6     29.9   123500     24.0   053100     21.9       76       58   113900      2.8    211.0     10.3    206.0   150800      0.0      0.0      0.0     None      0.0     None     10.7     85.2    24.78     None    -99.7    10.08   130000     None    -99.5    -99.5    -99.5    -99.5    -99.5    -99.5    -99.5
467410 20260412   1008.6   1011.7   1010.3   083500   1007.0   152200     27.0     30.5   113800     24.1   052600     21.3       72       52   143300      2.4    217.0      8.2    207.0   134700      0.0      0.0      0.0     None      0.0     None     11.6     92.2    26.49     None    -99.7    10.76   120000     None    -99.5    -99.5    -99.5    -99.5    -99.5    -99.5    -99.5
467410 20260413   1009.8   1012.9   1011.6   083200   1008.1   155500     27.1     30.4   131800     24.4   055400     21.1       71       48   124300      2.1    242.0      6.8    234.0   173500      0.0      0.0      0.0     None      0.0     None     10.9     86.5    26.91     None    -99.7    11.24   130000     None    -99.5    -99.5    -99.5    -99.5    -99.5    -99.5    -99.5
467410 20260414   1009.3   1012.4   1011.4   090800   1007.5   153000     26.7     29.4   102300     24.0   045100     21.7       74       60   102400      2.2    234.0      8.2    252.0   150600      0.0      0.0      0.0     None      0.0     None     11.3     89.5    25.78     None    -99.7    10.17   120000     None    -99.5    -99.5    -99.5    -99.5    -99.5    -99.5    -99.5
467410 20260415   1007.9   1011.0   1009.5   230500   1006.3   154100     26.8     29.3   124600     25.1   054000     22.6       78       67   105100      2.4    268.0      8.3    261.0   141500      0.0      0.0      0.0     None      0.0     None      7.0     55.4    19.68     None    -99.7     6.58   130000     None    -99.5    -99.5    -99.5    -99.5    -99.5    -99.5    -99.5
467410 20260416   1008.5   1011.6   1010.1   220600   1007.0   042100     26.5     29.4   134900     24.4   061200     22.7       80       66   114600      2.5      4.0      7.6    306.0   142300      0.0      0.0      0.0     None      0.0     None      3.7     29.2    14.66     None    -99.7     4.61   120000     None    -99.5    -99.5    -99.5    -99.5    -99.5    -99.5    -99.5
467410 20260417   1008.6   1011.7   1009.9   101700   1006.7   154000     26.2     30.1   122700     23.5   055700     21.5       76       56   122600      2.8      2.0      8.7    292.0   133000      0.0      0.0      0.0     None      0.0     None      8.2     64.6    22.28     None    -99.7     8.33   130000     None    -99.5    -99.5    -99.5    -99.5    -99.5    -99.5    -99.5
467410 20260418   1008.2   1011.3   1009.5   000200   1007.0   151700     26.3     29.3   114900     24.2   225900     21.5       75       63   141300      2.9    319.0      9.1    309.0   134900      0.0      0.0      0.0     None      0.0     None      9.2     72.4    22.16     None    -99.7     7.99   130000     None    -99.5    -99.5    -99.5    -99.5    -99.5    -99.5    -99.5
467410 20260419   1008.4   1011.4   1010.1   224900   1006.6   155500     26.6     31.1   123600     23.5   054700     21.0       72       52   114200      3.0     19.0      9.8    306.0   144700      0.0      0.0      0.0     None      0.0     None     11.2     88.0    25.33     None    -99.7     9.27   130000     None    -99.5    -99.5    -99.5    -99.5    -99.5    -99.5    -99.5
467410 20260420   1009.9   1013.0   1011.6   222700   1008.1   160100     27.0     30.8   145300     24.4   044500     21.0       71       50   145100      2.1    293.0      7.0    303.0   155300      0.0      0.0      0.0     None      0.0     None      9.3     72.9    24.25     None    -99.7     9.87   130000     None    -99.5    -99.5    -99.5    -99.5    -99.5    -99.5    -99.5
467410 20260421   1009.2   1012.3   1011.3   082600   1007.2   155800     27.3     30.3   114600     25.5   051600     21.2       69       54   101800      2.6      3.0      8.3     25.0   180100      0.0      0.0      0.0     None      0.0     None      8.9     69.7    23.42     None    -99.7     9.06   120000     None    -99.5    -99.5    -99.5    -99.5    -99.5    -99.5    -99.5
467410 20260422   1006.9   1009.9   1009.0   000100   1005.1   154900     27.9     31.3   114300     25.1   063300     22.1       71       54   093700      3.8    191.0     13.6    196.0   121500      0.0      0.0      0.0     None      0.0     None     10.7     83.7    24.41     None    -99.7     9.01   130000     None    -99.5    -99.5    -99.5    -99.5    -99.5    -99.5    -99.5
467410 20260423   1006.7   1009.8   1008.8   222300   1005.2   151400     27.7     30.3   125300     25.6   051800     22.0       72       56   104800      1.9    168.0      7.0    255.0   142400      0.0      0.0      0.0     None      0.0     None      5.4     42.2    19.11     None    -99.7     8.45   130000     None    -99.5    -99.5    -99.5    -99.5    -99.5    -99.5    -99.5
467410 20260424   1009.3   1012.4   1012.4   213500   1006.5   030400     25.8     28.0   092900     22.5   235900     21.3       77       59   052300      2.2      6.0      8.0    352.0   194800      1.0      1.6      0.5   105100      0.5   105100      0.1      0.8     6.76     None    -99.7     3.11   120000     None    -99.5    -99.5    -99.5    -99.5    -99.5    -99.5    -99.5
467410 20260425   1011.6   1014.7   1013.3   094700   1009.4   022000     22.8     24.5   121200     21.8   063800     20.6       87       78   121600      2.1    346.0      6.9     18.0   050100      5.5      3.8      1.0   140700      2.0   135600      0.0      0.0     4.76     None    -99.7     3.11   110000     None    -99.5    -99.5    -99.5    -99.5    -99.5    -99.5    -99.5
467410 20260426   1010.1   1013.2   1011.9   085900   1007.8   154200     25.2     30.1   140900     21.2   044800     19.0       70       52   133500      3.0      1.0      9.4    303.0   142300      0.0      0.0      0.0     None      0.0     None     11.5     89.3    27.33     None    -99.7     9.46   130000     None    -99.5    -99.5    -99.5    -99.5    -99.5    -99.5    -99.5
467410 20260427   1010.2   1013.3   1012.1   092600   1008.0   152400     26.5     31.3   143900     23.4   041800     17.9       61       34   141800      2.0    305.0      7.9    301.0   162800      0.0      0.0      0.0     None      0.0     None     10.5     81.4    24.72     None    -99.7     8.16   140000     None    -99.5    -99.5    -99.5    -99.5    -99.5    -99.5    -99.5
467410 20260428   1008.8   1011.9   1010.5   000100   1006.6   161700     27.5     31.3   132000     23.3   052300     17.7       56       42   103600      2.0     17.0      6.2    290.0   114900      0.0      0.0      0.0     None      0.0     None      6.2     48.0    19.19     None    -99.7     6.72   140000     None    -99.5    -99.5    -99.5    -99.5    -99.5    -99.5    -99.5
467410 20260429   1008.5   1011.5   1011.0   221600   1006.6   035600     28.1     31.4   114000     25.2   052800     21.8       69       55   010800      3.2    179.0     13.2    179.0   112300      0.0      0.0      0.0     None      0.0     None      6.5     50.3    20.98     None    -99.7    10.00   120000     None    -99.5    -99.5    -99.5    -99.5    -99.5    -99.5    -99.5
467410 20260430   1010.2   1013.4   1012.2   222200   1008.1   024900     23.6     27.1   000200     20.4   000000     21.0       86       76   151900      3.6      1.0     10.4     13.0   165300     13.0      3.4      6.5   094200      8.5   085900      1.9     14.7     8.92     None    -99.7     4.67   150000     None    -99.5    -99.5    -99.5    -99.5    -99.5    -99.5    -99.5
467410 20260501   1010.9   1014.1   1012.6   085100   1009.1   155900     24.0     28.7   124600     20.3   004300     19.1       75       60   124300      3.3      8.0      9.1    320.0   143700     -9.8      0.2     -9.8   061000     -9.8   061000      4.0     30.8    20.77     None    -99.7    10.20   120000     None    -99.5    -99.5    -99.5    -99.5    -99.5    -99.5    -99.5
467410 20260502   1009.2   1012.3   1011.3   000100   1006.9   164100     26.7     30.7   125700     23.3   053000     21.1       72       55   132000      1.9    249.0      6.7    291.0   145100      0.0      0.0      0.0     None      0.0     None     11.6     89.3    25.99     None    -99.7     9.71   130000     None    -99.5    -99.5    -99.5    -99.5    -99.5    -99.5    -99.5
467410 20260503   1007.8   1010.9   1009.4   092900   1005.9   160200     28.3     31.6   150400     26.0   053600     23.5       76       61   150400      3.0    183.0      8.5    313.0   161600      0.0      0.0      0.0     None      0.0     None     11.6     89.2    27.26     None    -99.7    11.11   120000     None    -99.5    -99.5    -99.5    -99.5    -99.5    -99.5    -99.5
467410 20260504   1010.4   1013.5   1012.0   222300   1009.0   031900     26.9     31.1   133300     23.8   235200     20.7       70       52   143200      3.4      1.0      9.2    306.0   123300     -9.8      0.1     -9.8   180100     -9.8   180100      7.0     53.7    22.36     None    -99.7     9.32   130000     None    -99.5    -99.5    -99.5    -99.5    -99.5    -99.5    -99.5
467410 20260505   1010.5   1013.6   1012.3   094000   1009.1   155000     24.1     26.7   112200     22.9   201700     19.8       77       67   113500      3.2    358.0      9.9    355.0   163300     -9.8      0.2     -9.8   002000     -9.8   002000      0.0      0.0     8.25     None    -99.7     4.37   110000     None    -99.5    -99.5    -99.5    -99.5    -99.5    -99.5    -99.5
467410 20260506   1009.2   1012.3   1010.4   080300   1007.6   161900     26.6     30.9   141600     22.4   040500     21.2       73       55   105100      3.4    342.0      9.6    323.0   113000     -9.8      0.1     -9.8   025700     -9.8   025700     11.6     88.8    27.99     None    -99.7    10.94   120000     None    -99.5    -99.5    -99.5    -99.5    -99.5    -99.5    -99.5
467410 20260507   1008.9   1012.0   1010.5   071600   1006.9   151200     27.7     32.5   132500     24.0   045100     22.0       72       50   132700      2.5     22.0      7.6    310.0   154900      0.0      0.0      0.0     None      0.0     None     10.7     81.8    27.49     None    -99.7    11.05   130000     None    -99.5    -99.5    -99.5    -99.5    -99.5    -99.5    -99.5
467410 20260508   1009.3   1012.4   1011.1   223600   1007.5   154000     27.9     31.8   105300     23.7   235000     21.7       70       52   144800      3.3    324.0     11.1    341.0   164900      0.0      0.0      0.0     None      0.0     None     10.4     79.4    25.78     None    -99.7    10.31   120000     None    -99.5    -99.5    -99.5    -99.5    -99.5    -99.5    -99.5
467410 20260509   1010.5   1013.6   1011.9   091200   1009.1   151000     26.0     31.2   121100     22.3   053300     20.1       71       54   121800      3.9      2.0     10.5    300.0   134400      0.0      0.0      0.0     None      0.0     None      7.7     58.7    25.64     None    -99.7    11.55   120000     None    -99.5    -99.5    -99.5    -99.5    -99.5    -99.5    -99.5
467410 20260510   1009.9   1013.0   1011.3   092700   1008.5   150700     26.2     30.7   130700     23.3   044000     21.1       74       61   121500      3.5    359.0      9.5    304.0   160000      0.0      0.0      0.0     None      0.0     None      9.3     70.8    24.32     None    -99.7    11.42   130000     None    -99.5    -99.5    -99.5    -99.5    -99.5    -99.5    -99.5
467410 20260511   1008.0   1011.1   1010.3   080500   1006.3   235800     26.8     31.4   120400     23.7   030800     22.0       76       54   111300      3.1    311.0      9.8    306.0   161100      0.0      0.0      0.0     None      0.0     None      9.5     72.3    25.36     None    -99.7    11.33   130000     None    -99.5    -99.5    -99.5    -99.5    -99.5    -99.5    -99.5
467410 20260512   1005.5   1008.5   1007.3   090900   1003.4   145900     27.6     31.3   111700     24.6   052300     21.5       71       49   164500      3.2    325.0     10.0    301.0   113700      0.0      0.0      0.0     None      0.0     None     10.1     76.7    25.49     None    -99.7    11.15   130000     None    -99.5    -99.5    -99.5    -99.5    -99.5    -99.5    -99.5
467410 20260513   1004.7   1007.8   1006.5   090500   1003.2   164700     27.9     31.2   130900     25.4   053800     22.0       71       52   113300      2.1    302.0      7.9    268.0   141900      0.0      0.0      0.0     None      0.0     None      9.9     75.1    25.82     None    -99.7    10.69   120000     None    -99.5    -99.5    -99.5    -99.5    -99.5    -99.5    -99.5
467410 20260514   1005.3   1008.3   1006.8   221600   1003.5   012800     27.0     29.9   124100     24.9   165600     22.9       78       67   124400      2.1    145.0     10.2     27.0   163500      1.0      1.7      0.5   183000      0.5   183000      0.5      3.8    11.60     None    -99.7     7.21   130000     None    -99.5    -99.5    -99.5    -99.5    -99.5    -99.5    -99.5
467410 20260515   1006.2   1009.2   1007.5   095600   1004.3   161500     28.6     33.1   115000     25.0   061900     21.8       68       44   110500      2.6    356.0      8.8    307.0   155400     -9.8      0.1     -9.8   013400     -9.8   013400      9.1     68.9    25.22     None    -99.7     9.86   130000     None    -99.5    -99.5    -99.5    -99.5    -99.5    -99.5    -99.5
467410 20260516   1007.9   1011.0   1009.7   222000   1006.3   020500     27.9     31.5   104900     26.1   220900     22.4       72       55   092800      2.1    173.0      7.9    255.0   130300      0.0      0.0      0.0     None      0.0     None      6.7     50.7    23.35     None    -99.7    10.05   130000     None    -99.5    -99.5    -99.5    -99.5    -99.5    -99.5    -99.5
467410 20260517   1008.3   1011.4   1009.4   000100   1007.1   155200     27.5     30.9   124500     25.6   004900     22.3       73       57   122400      2.7    245.0      9.1    276.0   135000      0.0      0.0      0.0     None      0.0     None      9.8     74.0    26.92     None    -99.7    11.71   120000     None    -99.5    -99.5    -99.5    -99.5    -99.5    -99.5    -99.5
467410 20260518   1008.1   1011.2   1009.6   101000   1006.8   155200     27.1     29.6   133200     25.5   052500     22.0       74       62   115300      2.4    260.0      8.0    270.0   133900      0.0      0.0      0.0     None      0.0     None      9.3     70.2    26.27     None    -99.7    11.75   120000     None    -99.5    -99.5    -99.5    -99.5    -99.5    -99.5    -99.5
467410 20260519   1007.4   1010.5   1008.5   085600   1006.2   160400     27.4     30.2   141300     25.3   031500     21.9       72       60   141200      2.4    163.0      8.1    241.0   110600      0.0      0.0      0.0     None      0.0     None     11.6     87.4    27.66     None    -99.7    11.05   120000     None    -99.5    -99.5    -99.5    -99.5    -99.5    -99.5    -99.5
467410 20260520   1007.1   1010.2   1008.7   223800   1006.0   154600     27.9     30.8   120000     25.3   050200     22.8       74       62   125400      3.0    134.0      9.4    197.0   132200      0.0      0.0      0.0     None      0.0     None     11.2     84.3    27.22     None    -99.7    11.50   120000     None    -99.5    -99.5    -99.5    -99.5    -99.5    -99.5    -99.5
467410 20260521   1008.9   1011.9   1010.4   093300   1007.8   011900     29.1     32.4   110900     26.8   061400     23.9       74       51   110900      2.2    195.0      6.5    260.0   120300      0.0      0.0      0.0     None      0.0     None      8.2     61.7    22.17     None    -99.7    11.81   120000     None    -99.5    -99.5    -99.5    -99.5    -99.5    -99.5    -99.5
467410 20260522   1008.5   1011.6   1009.9   065200   1007.1   170200     29.7     33.2   102800     27.6   045100     24.2       73       53   102800      2.3    285.0      8.2    243.0   125100      0.0      0.0      0.0     None      0.0     None     11.4     85.7    27.58     None    -99.7    12.65   120000     None    -99.5    -99.5    -99.5    -99.5    -99.5    -99.5    -99.5
467410 20260523   1008.2   1011.3   1009.7   091700   1006.7   163700     29.1     31.9   152100     27.3   022100     24.1       75       54   152100      1.9    299.0      6.1    252.0   161900      0.0      0.0      0.0     None      0.0     None      1.8     13.5    14.30     None    -99.7     6.07   110000     None    -99.5    -99.5    -99.5    -99.5    -99.5    -99.5    -99.5
